0.000000	0.142857	0.568513
0.001000	0.233673	1.498437
0.002000	0.290448	2.654303
0.003000	0.324973	3.947564
0.004000	0.344973	5.320415
0.005000	0.355507	6.735187
0.006000	0.359889	8.167399
0.007000	0.360290	9.601208
0.008000	0.358131	11.026422
0.009000	0.354341	12.436556
0.010000	0.349530	13.827540
0.011000	0.344094	15.196892
0.012000	0.338293	16.543161
0.013000	0.332297	17.865568
0.014000	0.326216	19.163776
0.015000	0.320121	20.437727
0.016000	0.314058	21.687551
0.017000	0.308056	22.913489
0.018000	0.302134	24.115858
0.019000	0.296302	25.295021
0.020000	0.290568	26.451364
0.021000	0.284935	27.585291
0.022000	0.279405	28.697209
0.023000	0.273978	29.787530
0.024000	0.268654	30.856662
0.025000	0.263431	31.905010
0.026000	0.258308	32.932972
0.027000	0.253285	33.940941
0.028000	0.248358	34.929306
0.029000	0.243527	35.898445
0.030000	0.238790	36.848733
0.031000	0.234145	37.780534
0.032000	0.229590	38.694208
0.033000	0.225124	39.590108
0.034000	0.220744	40.468579
0.035000	0.216450	41.329961
0.036000	0.212239	42.174585
0.037000	0.208110	43.002777
0.038000	0.204061	43.814858
0.039000	0.200091	44.611140
0.040000	0.196199	45.391931
0.041000	0.192382	46.157533
0.042000	0.188639	46.908240
0.043000	0.184969	47.644342
0.044000	0.181371	48.366125
0.045000	0.177842	49.073865
0.046000	0.174383	49.767837
0.047000	0.170990	50.448308
0.048000	0.167664	51.115541
0.049000	0.164402	51.769794
0.050000	0.161204	52.411318
0.051000	0.158067	53.040363
0.052000	0.154992	53.657169
0.053000	0.151977	54.261976
0.054000	0.149021	54.855017
0.055000	0.146121	55.436521
0.056000	0.143279	56.006711
0.057000	0.140491	56.565810
0.058000	0.137758	57.114031
0.059000	0.135078	57.651587
0.060000	0.132450	58.178685
0.061000	0.129874	58.695529
0.062000	0.127347	59.202319
0.063000	0.124870	59.699249
0.064000	0.122440	60.186511
0.065000	0.120058	60.664294
0.066000	0.117723	61.132782
0.067000	0.115432	61.592157
0.068000	0.113187	62.042594
0.069000	0.110985	62.484268
0.070000	0.108826	62.917350
0.071000	0.106709	63.342007
0.072000	0.104633	63.758402
0.073000	0.102597	64.166696
0.074000	0.100601	64.567048
0.075000	0.098644	64.959611
0.076000	0.096725	65.344536
0.077000	0.094843	65.721974
0.078000	0.092998	66.092068
0.079000	0.091189	66.454963
0.080000	0.089415	66.810798
0.081000	0.087675	67.159710
0.082000	0.085970	67.501834
0.083000	0.084297	67.837303
0.084000	0.082657	68.166245
0.085000	0.081049	68.488788
0.086000	0.079473	68.805056
0.087000	0.077926	69.115172
0.088000	0.076410	69.419254
0.089000	0.074924	69.717421
0.090000	0.073466	70.009787
0.091000	0.072037	70.296465
0.092000	0.070636	70.577566
0.093000	0.069261	70.853198
0.094000	0.067914	71.123468
0.095000	0.066593	71.388481
0.096000	0.065297	71.648337
0.097000	0.064027	71.903139
0.098000	0.062781	72.152983
0.099000	0.061560	72.397967
0.100000	0.060362	72.638184
0.101000	0.059188	72.873729
0.102000	0.058037	73.104691
0.103000	0.056908	73.331160
0.104000	0.055800	73.553223
0.105000	0.054715	73.770966
0.106000	0.053650	73.984473
0.107000	0.052607	74.193827
0.108000	0.051583	74.399107
0.109000	0.050580	74.600394
0.110000	0.049596	74.797765
0.111000	0.048631	74.991297
0.112000	0.047685	75.181063
0.113000	0.046757	75.367138
0.114000	0.045848	75.549592
0.115000	0.044956	75.728497
0.116000	0.044081	75.903922
0.117000	0.043223	76.075934
0.118000	0.042383	76.244599
0.119000	0.041558	76.409983
0.120000	0.040750	76.572150
0.121000	0.039957	76.731162
0.122000	0.039180	76.887081
0.123000	0.038417	77.039966
0.124000	0.037670	77.189877
0.125000	0.036937	77.336871
0.126000	0.036218	77.481006
0.127000	0.035514	77.622337
0.128000	0.034823	77.760918
0.129000	0.034146	77.896803
0.130000	0.033481	78.030045
0.131000	0.032830	78.160695
0.132000	0.032191	78.288803
0.133000	0.031565	78.414418
0.134000	0.030951	78.537590
0.135000	0.030349	78.658366
0.136000	0.029758	78.776792
0.137000	0.029179	78.892914
0.138000	0.028612	79.006777
0.139000	0.028055	79.118425
0.140000	0.027509	79.227901
0.141000	0.026974	79.335247
0.142000	0.026449	79.440505
0.143000	0.025935	79.543715
0.144000	0.025430	79.644917
0.145000	0.024936	79.744151
0.146000	0.024450	79.841454
0.147000	0.023975	79.936864
0.148000	0.023508	80.030417
0.149000	0.023051	80.122151
0.150000	0.022603	80.212100
0.151000	0.022163	80.300300
0.152000	0.021732	80.386783
0.153000	0.021309	80.471584
0.154000	0.020894	80.554735
0.155000	0.020488	80.636269
0.156000	0.020089	80.716216
0.157000	0.019699	80.794608
0.158000	0.019315	80.871475
0.159000	0.018940	80.946847
0.160000	0.018571	81.020752
0.161000	0.018210	81.093219
0.162000	0.017856	81.164277
0.163000	0.017508	81.233952
0.164000	0.017168	81.302272
0.165000	0.016834	81.369263
0.166000	0.016506	81.434950
0.167000	0.016185	81.499360
0.168000	0.015870	81.562516
0.169000	0.015561	81.624444
0.170000	0.015259	81.685167
0.171000	0.014962	81.744709
0.172000	0.014671	81.803092
0.173000	0.014385	81.860340
0.174000	0.014105	81.916474
0.175000	0.013831	81.971516
0.176000	0.013562	82.025487
0.177000	0.013298	82.078408
0.178000	0.013039	82.130299
0.179000	0.012786	82.181181
0.180000	0.012537	82.231074
0.181000	0.012293	82.279995
0.182000	0.012054	82.327965
0.183000	0.011819	82.375001
0.184000	0.011590	82.421123
0.185000	0.011364	82.466347
0.186000	0.011143	82.510692
0.187000	0.010926	82.554173
0.188000	0.010714	82.596809
0.189000	0.010505	82.638616
0.190000	0.010301	82.679609
0.191000	0.010100	82.719804
0.192000	0.009904	82.759218
0.193000	0.009711	82.797865
0.194000	0.009522	82.835760
0.195000	0.009337	82.872918
0.196000	0.009155	82.909352
0.197000	0.008977	82.945079
0.198000	0.008803	82.980110
0.199000	0.008631	83.014459
0.200000	0.008464	83.048140
0.201000	0.008299	83.081167
0.202000	0.008137	83.113550
0.203000	0.007979	83.145304
0.204000	0.007824	83.176439
0.205000	0.007672	83.206970
0.206000	0.007522	83.236906
0.207000	0.007376	83.266259
0.208000	0.007233	83.295042
0.209000	0.007092	83.323265
0.210000	0.006954	83.350939
0.211000	0.006819	83.378074
0.212000	0.006686	83.404681
0.213000	0.006556	83.430771
0.214000	0.006428	83.456353
0.215000	0.006303	83.481438
0.216000	0.006181	83.506035
0.217000	0.006060	83.530153
0.218000	0.005943	83.553801
0.219000	0.005827	83.576990
0.220000	0.005714	83.599728
0.221000	0.005602	83.622023
0.222000	0.005493	83.643885
0.223000	0.005387	83.665321
0.224000	0.005282	83.686340
0.225000	0.005179	83.706951
0.226000	0.005078	83.727160
0.227000	0.004979	83.746976
0.228000	0.004883	83.766407
0.229000	0.004788	83.785460
0.230000	0.004694	83.804142
0.231000	0.004603	83.822460
0.232000	0.004514	83.840422
0.233000	0.004426	83.858035
0.234000	0.004340	83.875305
0.235000	0.004255	83.892239
0.236000	0.004172	83.908844
0.237000	0.004091	83.925126
0.238000	0.004012	83.941091
0.239000	0.003934	83.956745
0.240000	0.003857	83.972095
0.241000	0.003782	83.987146
0.242000	0.003709	84.001904
0.243000	0.003636	84.016376
0.244000	0.003566	84.030565
0.245000	0.003496	84.044479
0.246000	0.003428	84.058122
0.247000	0.003362	84.071500
0.248000	0.003296	84.084617
0.249000	0.003232	84.097479
0.250000	0.003169	84.110091
0.251000	0.003107	84.122457
0.252000	0.003047	84.134583
0.253000	0.002988	84.146473
0.254000	0.002930	84.158132
0.255000	0.002873	84.169564
0.256000	0.002817	84.180774
0.257000	0.002762	84.191765
0.258000	0.002708	84.202543
0.259000	0.002656	84.213111
0.260000	0.002604	84.223473
0.261000	0.002553	84.233634
0.262000	0.002504	84.243597
0.263000	0.002455	84.253366
0.264000	0.002407	84.262946
0.265000	0.002360	84.272338
0.266000	0.002314	84.281549
0.267000	0.002269	84.290580
0.268000	0.002225	84.299435
0.269000	0.002182	84.308118
0.270000	0.002139	84.316632
0.271000	0.002098	84.324980
0.272000	0.002057	84.333166
0.273000	0.002017	84.341193
0.274000	0.001978	84.349064
0.275000	0.001939	84.356781
0.276000	0.001902	84.364349
0.277000	0.001865	84.371769
0.278000	0.001828	84.379045
0.279000	0.001793	84.386179
0.280000	0.001758	84.393174
0.281000	0.001724	84.400034
0.282000	0.001690	84.406760
0.283000	0.001657	84.413355
0.284000	0.001625	84.419821
0.285000	0.001593	84.426162
0.286000	0.001562	84.432380
0.287000	0.001532	84.438477
0.288000	0.001502	84.444455
0.289000	0.001473	84.450316
0.290000	0.001444	84.456064
0.291000	0.001416	84.461700
0.292000	0.001389	84.467226
0.293000	0.001362	84.472645
0.294000	0.001335	84.477958
0.295000	0.001309	84.483168
0.296000	0.001284	84.488277
0.297000	0.001259	84.493286
0.298000	0.001234	84.498198
0.299000	0.001210	84.503014
