0.000000	0.346021	0.237242
0.001000	0.641156	0.676837
0.002000	0.891575	1.288126
0.003000	1.102731	2.044190
0.004000	1.279447	2.921415
0.005000	1.425986	3.899112
0.006000	1.546114	4.959172
0.007000	1.643158	6.085769
0.008000	1.720056	7.265089
0.009000	1.779403	8.485099
0.010000	1.823487	9.735334
0.011000	1.854328	11.006714
0.012000	1.873705	12.291380
0.013000	1.883187	13.582547
0.014000	1.884155	14.874378
0.015000	1.877826	16.161870
0.016000	1.865270	17.440753
0.017000	1.847425	18.707400
0.018000	1.825117	19.958753
0.019000	1.799071	21.192247
0.020000	1.769920	22.405755
0.021000	1.738221	23.597530
0.022000	1.704459	24.766156
0.023000	1.669058	25.910511
0.024000	1.632387	27.029722
0.025000	1.594767	28.123140
0.026000	1.556477	29.190306
0.027000	1.517759	30.230925
0.028000	1.478822	31.244848
0.029000	1.439843	32.232046
0.030000	1.400978	33.192597
0.031000	1.362358	34.126669
0.032000	1.324095	35.034506
0.033000	1.286282	35.916418
0.034000	1.248999	36.772768
0.035000	1.212312	37.603964
0.036000	1.176274	38.410451
0.037000	1.140930	39.192706
0.038000	1.106315	39.951227
0.039000	1.072455	40.686533
0.040000	1.039371	41.399156
0.041000	1.007078	42.089637
0.042000	0.975585	42.758526
0.043000	0.944896	43.406374
0.044000	0.915014	44.033735
0.045000	0.885937	44.641158
0.046000	0.857659	45.229194
0.047000	0.830173	45.798385
0.048000	0.803471	46.349268
0.049000	0.777542	46.882372
0.050000	0.752373	47.398221
0.051000	0.727951	47.897324
0.052000	0.704261	48.380186
0.053000	0.681290	48.847299
0.054000	0.659021	49.299143
0.055000	0.637439	49.736189
0.056000	0.616526	50.158897
0.057000	0.596267	50.567715
0.058000	0.576645	50.963079
0.059000	0.557643	51.345415
0.060000	0.539244	51.715137
0.061000	0.521433	52.072646
0.062000	0.504192	52.418334
0.063000	0.487505	52.752581
0.064000	0.471356	53.075757
0.065000	0.455730	53.388219
0.066000	0.440611	53.690314
0.067000	0.425984	53.982382
0.068000	0.411834	54.264747
0.069000	0.398147	54.537728
0.070000	0.384907	54.801631
0.071000	0.372102	55.056755
0.072000	0.359717	55.303387
0.073000	0.347740	55.541808
0.074000	0.336158	55.772287
0.075000	0.324957	55.995087
0.076000	0.314127	56.210462
0.077000	0.303654	56.418656
0.078000	0.293529	56.619908
0.079000	0.283738	56.814447
0.080000	0.274272	57.002496
0.081000	0.265120	57.184270
0.082000	0.256272	57.359977
0.083000	0.247718	57.529820
0.084000	0.239448	57.693992
0.085000	0.231453	57.852683
0.086000	0.223724	58.006075
0.087000	0.216252	58.154343
0.088000	0.209029	58.297660
0.089000	0.202047	58.436189
0.090000	0.195297	58.570090
0.091000	0.188772	58.699518
0.092000	0.182465	58.824621
0.093000	0.176368	58.945544
0.094000	0.170474	59.062426
0.095000	0.164777	59.175402
0.096000	0.159270	59.284602
0.097000	0.153947	59.390153
0.098000	0.148802	59.492175
0.099000	0.143828	59.590788
0.100000	0.139020	59.686104
0.101000	0.134373	59.778234
0.102000	0.129881	59.867285
0.103000	0.125539	59.953358
0.104000	0.121343	60.036554
0.105000	0.117286	60.116969
0.106000	0.113365	60.194695
0.107000	0.109575	60.269822
0.108000	0.105911	60.342438
0.109000	0.102370	60.412626
0.110000	0.098948	60.480468
0.111000	0.095639	60.546041
0.112000	0.092442	60.609422
0.113000	0.089351	60.670683
0.114000	0.086363	60.729896
0.115000	0.083476	60.787129
0.116000	0.080684	60.842449
0.117000	0.077987	60.895919
0.118000	0.075379	60.947601
0.119000	0.072858	60.997555
0.120000	0.070422	61.045838
0.121000	0.068067	61.092507
0.122000	0.065791	61.137616
0.123000	0.063591	61.181216
0.124000	0.061465	61.223358
0.125000	0.059410	61.264091
0.126000	0.057423	61.303462
0.127000	0.055503	61.341517
0.128000	0.053647	61.378299
0.129000	0.051853	61.413851
0.130000	0.050119	61.448214
0.131000	0.048443	61.481428
0.132000	0.046823	61.513531
0.133000	0.045258	61.544561
0.134000	0.043744	61.574554
0.135000	0.042281	61.603543
0.136000	0.040868	61.631563
0.137000	0.039501	61.658646
0.138000	0.038180	61.684823
0.139000	0.036903	61.710125
0.140000	0.035669	61.734581
0.141000	0.034477	61.758219
0.142000	0.033324	61.781067
0.143000	0.032209	61.803151
0.144000	0.031132	61.824496
0.145000	0.030091	61.845127
0.146000	0.029085	61.865069
0.147000	0.028112	61.884343
0.148000	0.027172	61.902973
0.149000	0.026264	61.920980
0.150000	0.025385	61.938385
0.151000	0.024536	61.955208
0.152000	0.023716	61.971469
0.153000	0.022923	61.987185
0.154000	0.022156	62.002376
0.155000	0.021415	62.017059
0.156000	0.020699	62.031251
0.157000	0.020007	62.044969
0.158000	0.019338	62.058228
0.159000	0.018691	62.071043
0.160000	0.018066	62.083430
0.161000	0.017462	62.095402
0.162000	0.016878	62.106975
0.163000	0.016314	62.118160
0.164000	0.015768	62.128971
0.165000	0.015241	62.139421
0.166000	0.014731	62.149521
0.167000	0.014239	62.159284
0.168000	0.013763	62.168720
0.169000	0.013302	62.177840
0.170000	0.012858	62.186656
0.171000	0.012428	62.195177
0.172000	0.012012	62.203412
0.173000	0.011610	62.211373
0.174000	0.011222	62.219067
0.175000	0.010847	62.226504
0.176000	0.010484	62.233692
0.177000	0.010134	62.240640
0.178000	0.009795	62.247355
0.179000	0.009467	62.253846
0.180000	0.009151	62.260120
0.181000	0.008845	62.266184
0.182000	0.008549	62.272046
0.183000	0.008263	62.277711
0.184000	0.007987	62.283187
0.185000	0.007720	62.288479
0.186000	0.007461	62.293595
0.187000	0.007212	62.298540
0.188000	0.006971	62.303319
0.189000	0.006738	62.307939
0.190000	0.006512	62.312404
0.191000	0.006295	62.316719
0.192000	0.006084	62.320891
0.193000	0.005881	62.324923
0.194000	0.005684	62.328820
0.195000	0.005494	62.332586
0.196000	0.005310	62.336227
0.197000	0.005133	62.339746
0.198000	0.004961	62.343148
0.199000	0.004795	62.346435
0.200000	0.004635	62.349613
0.201000	0.004480	62.352684
0.202000	0.004330	62.355653
0.203000	0.004185	62.358522
0.204000	0.004045	62.361296
0.205000	0.003910	62.363977
0.206000	0.003779	62.366568
0.207000	0.003653	62.369072
0.208000	0.003531	62.371493
0.209000	0.003413	62.373833
0.210000	0.003298	62.376094
0.211000	0.003188	62.378280
0.212000	0.003082	62.380393
0.213000	0.002978	62.382435
0.214000	0.002879	62.384409
0.215000	0.002783	62.386317
0.216000	0.002690	62.388161
0.217000	0.002600	62.389943
0.218000	0.002513	62.391666
0.219000	0.002429	62.393331
0.220000	0.002347	62.394941
0.221000	0.002269	62.396496
0.222000	0.002193	62.398000
0.223000	0.002120	62.399453
0.224000	0.002049	62.400858
0.225000	0.001980	62.402216
0.226000	0.001914	62.403528
0.227000	0.001850	62.404797
0.228000	0.001788	62.406023
0.229000	0.001728	62.407208
0.230000	0.001671	62.408353
0.231000	0.001615	62.409460
0.232000	0.001561	62.410530
0.233000	0.001509	62.411565
0.234000	0.001458	62.412564
0.235000	0.001409	62.413531
0.236000	0.001362	62.414465
0.237000	0.001317	62.415368
0.238000	0.001273	62.416240
0.239000	0.001230	62.417083
0.240000	0.001189	62.417899
0.241000	0.001149	62.418687
0.242000	0.001111	62.419448
0.243000	0.001074	62.420184
0.244000	0.001038	62.420896
0.245000	0.001003	62.421584
0.246000	0.000969	62.422248
0.247000	0.000937	62.422891
0.248000	0.000906	62.423512
0.249000	0.000875	62.424112
0.250000	0.000846	62.424692
0.251000	0.000818	62.425253
0.252000	0.000791	62.425795
0.253000	0.000764	62.426319
0.254000	0.000739	62.426825
0.255000	0.000714	62.427315
0.256000	0.000690	62.427788
0.257000	0.000667	62.428245
0.258000	0.000645	62.428687
0.259000	0.000623	62.429114
0.260000	0.000602	62.429527
0.261000	0.000582	62.429926
0.262000	0.000563	62.430312
0.263000	0.000544	62.430685
0.264000	0.000526	62.431045
0.265000	0.000508	62.431393
0.266000	0.000491	62.431730
0.267000	0.000475	62.432055
0.268000	0.000459	62.432370
0.269000	0.000443	62.432674
0.270000	0.000429	62.432968
0.271000	0.000414	62.433252
0.272000	0.000400	62.433526
0.273000	0.000387	62.433792
0.274000	0.000374	62.434048
0.275000	0.000362	62.434296
0.276000	0.000349	62.434536
0.277000	0.000338	62.434767
0.278000	0.000326	62.434991
0.279000	0.000316	62.435207
0.280000	0.000305	62.435416
0.281000	0.000295	62.435619
0.282000	0.000285	62.435814
0.283000	0.000275	62.436003
0.284000	0.000266	62.436185
0.285000	0.000257	62.436362
0.286000	0.000249	62.436532
0.287000	0.000240	62.436697
0.288000	0.000232	62.436856
0.289000	0.000225	62.437010
0.290000	0.000217	62.437159
0.291000	0.000210	62.437303
0.292000	0.000203	62.437442
0.293000	0.000196	62.437577
0.294000	0.000189	62.437706
0.295000	0.000183	62.437832
0.296000	0.000177	62.437953
0.297000	0.000171	62.438071
0.298000	0.000165	62.438184
0.299000	0.000160	62.438294
